1 9
1 99
1 999
2 9
2 99
2 999
3 9
3 99
3 999
4 9
4 99
4 999
5 9
5 99
5 999
6 9
6 99
6 999
7 9
7 99
7 999
8 9
8 99
8 999
9 9
9 99
9 999
10 9
10 99
10 999
11 9
11 99
11 999
12 9
12 99
12 999
13 9
13 99
13 999
14 9
14 99
14 999
15 9
15 99
15 999
16 9
16 99
16 999
17 9
17 99
17 999
18 9
18 99
18 999
19 9
19 99
19 999
20 9
20 99
20 999
21 9
21 99
21 999
22 9
22 99
22 999
23 9
23 99
23 999
24 9
24 99
24 999
25 9
25 99
25 999
26 9
26 99
26 999
27 9
27 99
27 999
28 9
28 99
28 999
29 9
29 99
29 999
30 9
30 99
30 999
31 9
31 99
31 999
32 9
32 99
32 999
33 9
33 99
33 999
34 9
34 99
34 999
35 9
35 99
35 999
36 9
36 99
36 999
37 9
37 99
37 999
38 9
38 99
38 999
39 9
39 99
39 999
40 9
40 99
40 999
41 9
41 99
41 999
42 9
42 99
42 999
43 9
43 99
43 999
44 9
44 99
44 999
45 9
45 99
45 999
46 9
46 99
46 999
47 9
47 99
47 999
48 9
48 99
48 999
49 9
49 99
49 999
50 9
50 99
50 999
51 9
51 99
51 999
52 9
52 99
52 999
53 9
53 99
53 999
54 9
54 99
54 999
55 9
55 99
55 999
56 9
56 99
56 999
57 9
57 99
57 999
58 9
58 99
58 999
59 9
59 99
59 999
60 9
60 99
60 999
61 9
61 99
61 999
62 9
62 99
62 999
63 9
63 99
63 999
64 9
64 99
64 999
65 9
65 99
65 999
66 9
66 99
66 999
67 9
67 99
67 999
68 9
68 99
68 999
69 9
69 99
69 999
70 9
70 99
70 999
71 9
71 99
71 999
72 9
72 99
72 999
73 9
73 99
73 999
74 9
74 99
74 999
75 9
75 99
75 999
76 9
76 99
76 999
77 9
77 99
77 999
78 9
78 99
78 999
79 9
79 99
79 999
80 9
80 99
80 999
81 9
81 99
81 999
82 9
82 99
82 999
83 9
83 99
83 999
84 9
84 99
84 999
85 9
85 99
85 999
86 9
86 99
86 999
87 9
87 99
87 999
88 9
88 99
88 999
89 9
89 99
89 999
90 9
90 99
90 999
91 9
91 99
91 999
92 9
92 99
92 999
93 9
93 99
93 999
94 9
94 99
94 999
95 9
95 99
95 999
96 9
96 99
96 999
97 9
97 99
97 999
98 9
98 99
98 999
99 9
99 99
99 999
100 9
100 99
100 999
101 9
101 99
101 999
102 9
102 99
102 999
103 9
103 99
103 999
104 9
104 99
104 999
105 9
105 99
105 999
106 9
106 99
106 999
107 9
107 99
107 999
108 9
108 99
108 999
109 9
109 99
109 999
110 9
110 99
110 999
111 9
111 99
111 999
112 9
112 99
112 999
113 9
113 99
113 999
114 9
114 99
114 999
115 9
115 99
115 999
116 9
116 99
116 999
117 9
117 99
117 999
118 9
118 99
118 999
119 9
119 99
119 999
120 9
120 99
120 999
121 9
121 99
121 999
122 9
122 99
122 999
123 9
123 99
123 999
124 9
124 99
124 999
125 9
125 99
125 999
126 9
126 99
126 999
127 9
127 99
127 999
128 9
128 99
128 999
129 9
129 99
129 999
130 9
130 99
130 999
131 9
131 99
131 999
132 9
132 99
132 999
133 9
133 99
133 999
134 9
134 99
134 999
135 9
135 99
135 999
136 9
136 99
136 999
137 9
137 99
137 999
138 9
138 99
138 999
139 9
139 99
139 999
140 9
140 99
140 999
141 9
141 99
141 999
142 9
142 99
142 999
143 9
143 99
143 999
144 9
144 99
144 999
145 9
145 99
145 999
146 9
146 99
146 999
147 9
147 99
147 999
148 9
148 99
148 999
149 9
149 99
149 999
150 9
150 99
150 999
151 9
151 99
151 999
152 9
152 99
152 999
153 9
153 99
153 999
154 9
154 99
154 999
155 9
155 99
155 999
156 9
156 99
156 999
157 9
157 99
157 999
158 9
158 99
158 999
159 9
159 99
159 999
160 9
160 99
160 999
161 9
161 99
161 999
162 9
162 99
162 999
163 9
163 99
163 999
164 9
164 99
164 999
165 9
165 99
165 999
166 9
166 99
166 999
167 9
167 99
167 999
168 9
168 99
168 999
169 9
169 99
169 999
170 9
170 99
170 999
171 9
171 99
171 999
172 9
172 99
172 999
173 9
173 99
173 999
174 9
174 99
174 999
175 9
175 99
175 999
176 9
176 99
176 999
177 9
177 99
177 999
178 9
178 99
178 999
179 9
179 99
179 999
180 9
180 99
180 999
181 9
181 99
181 999
182 9
182 99
182 999
183 9
183 99
183 999
184 9
184 99
184 999
185 9
185 99
185 999
186 9
186 99
186 999
187 9
187 99
187 999
188 9
188 99
188 999
189 9
189 99
189 999
190 9
190 99
190 999
191 9
191 99
191 999
573
